Func 0 eps=0.00010000000000000002
[(array([ 0.99989092,  0.99978139, -0.2       , -0.2       ]), 80678), (array([1.00009542, 1.00019121]), 15747)]
Func 1 eps=0.00010000000000000002
[(array([ 1.00002283,  1.00004565, -0.2       , -0.2       ]), 998), (array([0.99991167, 0.99977467]), 3555)]
Func 2 eps=0.00010000000000000002
[(array([ 2.99990836,  0.49997726, -0.2       , -0.2       ]), 715), (array([2.99970905, 0.49992778]), 3523)]
Func 3 eps=0.00010000000000000002
[(array([-0.00055513,  0.00052704, -0.01020917, -0.01020877]), 14315), (array([-0.00096653,  0.00094698, -0.01053818, -0.01054433]), 23431)]
Func 0 eps=0.00010000000000000002
[(array([ 0.99989109,  0.99978174, -0.4       , -0.4       ]), 79899), (array([1.00010706, 1.00021456]), 36291)]
Func 1 eps=0.00010000000000000002
[(array([ 1.00003462,  1.00006802, -0.4       , -0.4       ]), 1086), (array([0.99992702, 0.99981103]), 4131)]
Func 2 eps=0.00010000000000000002
[(array([ 3.00028383,  0.5000717 , -0.4       , -0.4       ]), 1638), (array([2.99970463, 0.49992661]), 2563)]
Func 3 eps=0.00010000000000000002
[(array([-0.00060212,  0.00058186, -0.01052701, -0.01052619]), 10960), (array([-0.00075819,  0.00074017, -0.01021646, -0.01021411]), 30945)]
Func 0 eps=0.00010000000000000002
[(array([ 0.99989201,  0.99978355, -0.6       , -0.6       ]), 33016), (array([0.99990192, 0.99980357]), 188611)]
Func 1 eps=0.00010000000000000002
[(array([ 0.99992209,  0.99980821, -0.6       , -0.6       ]), 889), (array([0.9999303 , 0.99981839]), 4259)]
Func 2 eps=0.00010000000000000002
[(array([ 2.99971151,  0.49992777, -0.6       , -0.6       ]), 662), (array([3.00028719, 0.5000719 ]), 125763)]
Func 3 eps=0.00010000000000000002
[(array([ 0.00093438, -0.00091545,  0.01064229,  0.01064802]), 11210), (array([-0.00058936,  0.00056861, -0.01065232, -0.01065115]), 20677)]
Func 0 eps=0.00010000000000000002
[(array([ 1.00011116,  1.00022277, -0.8       , -0.8       ]), 77498), (array([1.00010487, 1.00021016]), 61315)]
Func 1 eps=0.00010000000000000002
[(array([ 0.9999408 ,  0.99986019, -0.8       , -0.8       ]), 1153), (array([0.99992799, 0.99981233]), 4259)]
Func 2 eps=0.00010000000000000002
[(array([ 2.99979378,  0.49994829, -0.8       , -0.8       ]), 697), (array([2.9997517 , 0.49993777]), 1667)]
Func 3 eps=0.00010000000000000002
[(array([-0.00028532,  0.00026491, -0.01037929, -0.01038037]), 12157), (array([-0.00050955,  0.00049135, -0.0101841 , -0.01018144]), 31421)]
Func 0 eps=0.00010000000000000002
[(array([ 1.00011007,  1.00022059, -1.        , -1.        ]), 95712), (array([1.00010287, 1.00020616]), 46979)]
Func 1 eps=0.00010000000000000002
[(array([ 1.,  1., -1., -1.]), 8), (array([0.99992102, 0.99979466]), 4195)]
Func 2 eps=0.00010000000000000002
[(array([ 2.9997148 ,  0.49992882, -1.        , -1.        ]), 943), (array([2.99971309, 0.49992753]), 9475)]
Func 3 eps=0.00010000000000000002
[(array([-0.00077084,  0.00075061, -0.01073503, -0.01073889]), 12199), (array([-0.00046836,  0.00045002, -0.01019293, -0.01019919]), 31319)]
Func 0 eps=0.00010000000000000002
[(array([ 0.99989363,  0.99978691, -1.2       , -1.2       ]), 78390), (array([1.00010396, 1.00020826]), 181059)]
Func 1 eps=0.00010000000000000002
[(array([ 0.99993523,  0.99982872, -1.2       , -1.2       ]), 839), (array([0.99992689, 0.99981054]), 4195)]
Func 2 eps=0.00010000000000000002
[(array([ 2.99975011,  0.4999372 , -1.2       , -1.2       ]), 817), (array([2.99974862, 0.49993599]), 16003)]
Func 3 eps=0.00010000000000000002
[(array([-0.00024165,  0.0002206 , -0.01044252, -0.01044207]), 14365), (array([-0.00043648,  0.00041617, -0.01053291, -0.01053849]), 24247)]
